CXO                     
1 25867U 99040B   26211.69091559  .00000892  00000+0  00000+0 0  9993
2 25867  56.7373 115.5572 7768339 309.8096   0.7284  0.37795216 17486
No GP data foundCALIPSO                 
1 29108U 06016B   26209.97189175  .00000941  00000+0  16788-3 0  9995
2 29108  98.4473 227.0617 0001665 104.7836 255.3553 14.69423213 79198
INTEGRAL                
1 27540U 02048A   26209.57398957  .00000302  00000+0  00000+0 0  9997
2 27540  89.5927 345.4750 8722481 259.0555  25.2345  0.37578547 26792
SAC-C                   
1 26620U 00075B   26209.52351096  .00000543  00000+0  11587-3 0  9994
2 26620  98.4977 222.6030 0001021  95.1221 265.0097 14.62966867366864
