NSS-11                  
1 26554U 00059A   26209.85096586  .00000027  00000+0  00000+0 0  9999
2 26554   2.2295  80.8900 0003155  48.0776 299.8893  1.00271195 41701
AMC-6                   
1 26580U 00067A   26209.71811745  .00000092  00000+0  00000+0 0  9996
2 26580   0.2537  83.9632 0004291  56.2117 289.6764  1.00272838 94308
AMC-15                  
1 28446U 04041A   26209.86665259 -.00000085  00000+0  00000+0 0  9991
2 28446   0.0599 272.9683 0002461 202.0141  38.4792  1.00272058 79722
NSS-10                  
1 28526U 05003A   26209.88008598 -.00000251  00000+0  00000+0 0  9993
2 28526   6.5499  69.9399 0003159  53.4197 102.5595  1.00271112 53572
ASTRA 1KR               
1 29055U 06012A   26209.94820969  .00000122  00000+0  00000+0 0  9999
2 29055   0.5770  83.1584 0003331  36.2479 187.5329  1.00272283 46114
ASTRA 1L                
1 31306U 07016A   26209.88259933 -.00000181  00000+0  00000+0 0  9992
2 31306   1.4248  81.2309 0005492  42.2759 116.2631  1.00272222 45407
ASTRA 4A                
1 32299U 07057A   26209.92267003  .00000036  00000+0  00000+0 0  9999
2 32299   0.0528 265.3977 0002743 223.7404 154.3982  1.00272003 52069
ASTRA 1M                
1 33436U 08057A   26209.94931225  .00000124  00000+0  00000+0 0  9998
2 33436   0.3993  82.9025 0004558  47.9312 176.9245  1.00270254 46150
NSS-9                   
1 33749U 09008A   26209.78107400  .00000075  00000+0  00000+0 0  9999
2 33749   1.3646  82.2392 0002375  33.0192 295.4383  1.00273457 63933
SES-7 (PROTOSTAR 2)     
1 34941U 09027A   26209.83753245 -.00000341  00000+0  00000+0 0  9992
2 34941   0.0167  59.3977 0001067 133.7256 163.1272  1.00271118 63044
NSS-12                  
1 36032U 09058A   26209.92270664  .00000076  00000+0  00000+0 0  9992
2 36032   0.1130 267.7121 0005078 183.3049 244.7306  1.00271076 61338
SES-1                   
1 36516U 10016A   26209.86743259 -.00000111  00000+0  00000+0 0  9994
2 36516   0.0436 277.8565 0002723 204.4494  35.4992  1.00271925 59459
ASTRA 3B                
1 36581U 10021A   26209.95272517  .00000140  00000+0  00000+0 0  9997
2 36581   1.5737  83.0299 0004229  30.1638 199.8875  1.00270670 59281
SES-3                   
1 37748U 11035A   26209.86699926 -.00000099  00000+0  00000+0 0  9990
2 37748   1.4295  82.6213 0002384  49.2519  23.7803  1.00271686 55016
ASTRA 1N                
1 37775U 11041A   26209.94931242  .00000123  00000+0  00000+0 0  9993
2 37775   0.0739  34.5763 0006001  84.1679 188.8063  1.00270231 44941
SES-2                   
1 37809U 11049A   26209.87020594 -.00000192  00000+0  00000+0 0  9997
2 37809   0.1601  90.2442 0003068  34.4741  48.0800  1.00271401 54384
QUETZSAT 1              
1 37826U 11054A   26209.87219928 -.00000237  00000+0  00000+0 0  9993
2 37826   0.0618 267.4649 0003158 223.8278  52.2241  1.00268661 50292
SES-4                   
1 38087U 12007A   26209.88303266 -.00000165  00000+0  00000+0 0  9992
2 38087   0.0235  40.2984 0002435  93.0166 109.1123  1.00270242 52646
SES-5                   
1 38652U 12036A   26209.92267003  .00000038  00000+0  00000+0 0  9993
2 38652   0.0490 314.7850 0002251 169.8911 159.0441  1.00272150 44877
ASTRA 2F                
1 38778U 12051A   26209.89301731  .00000154  00000+0  00000+0 0  9991
2 38778   0.1012 258.7253 0003019 276.8115 120.6878  1.00278037 41559
SES-6                   
1 39172U 13026A   26209.87939265 -.00000258  00000+0  00000+0 0  9996
2 39172   0.0355 310.8490 0002702 158.0722 113.6864  1.00263558 48144
O3B FM5                 
1 39188U 13031A   26209.01753831 -.00000022  00000+0  00000+0 0  9997
2 39188   0.0932 331.2537 0002751 139.7744 248.9993  5.00115709239072
O3B FM4                 
1 39189U 13031B   26209.93654093 -.00000020  00000+0  00000+0 0  9997
2 39189   0.0403 348.0742 0004801 120.2191 251.7569  5.00115716239124
O3B FM2                 
1 39190U 13031C   26209.60221901 -.00000021  00000+0  00000+0 0  9992
2 39190   0.0343 346.3904 0002690 136.2154 237.4181  5.00116151239181
O3B PFM                 
1 39191U 13031D   26209.61634069 -.00000021  00000+0  00000+0 0  9997
2 39191   0.0659 343.9694 0005206 128.0923 247.9916  5.00116119238747
ASTRA 2E                
1 39285U 13056A   26209.89310398  .00000154  00000+0  00000+0 0  9990
2 39285   0.0905 301.2442 0002617 175.0785 180.2601  1.00275935 46839
SES-8                   
1 39460U 13071A   26209.97826538 -.00000265  00000+0  00000+0 0  9993
2 39460   0.0641 261.6115 0002764 216.9426 275.2530  1.00271403 44848
ASTRA 5B                
1 39617U 14011B   26209.89215065  .00000141  00000+0  00000+0 0  9992
2 39617   0.0958 290.8213 0002898 217.9263 142.4716  1.00277134 45089
O3B FM3                 
1 40079U 14038A   26208.08391527 -.00000023  00000+0  00000+0 0  9993
2 40079   0.0479 352.3881 0002894 184.3280 183.2837  5.00115783215045
O3B FM7                 
1 40080U 14038B   26209.62916699 -.00000021  00000+0  00000+0 0  9997
2 40080   0.0443 343.9595 0003458 109.1395 266.9386  5.00115736219944
O3B FM6                 
1 40081U 14038C   26209.65613552 -.00000021  00000+0  00000+0 0  9993
2 40081   0.0461 349.5501 0002607 135.9999 234.4722  5.00115856219909
O3B FM8                 
1 40082U 14038D   26209.50947124 -.00000021  00000+0  00000+0 0  9993
2 40082   0.0456 348.4302 0002767 139.0875 232.5055  5.00116187220016
O3B FM10                
1 40348U 14083A   26209.13697936 -.00000022  00000+0  00000+0 0  9991
2 40348   0.0402 348.0306 0004795 119.5973 252.4224  5.00115690211946
O3B FM11                
1 40349U 14083B   26209.34950321 -.00000021  00000+0  00000+0 0  9994
2 40349   0.0552 349.9238 0002475 118.5210 251.5801  5.00115566211979
O3B FM12                
1 40350U 14083C   26209.97615162 -.00000020  00000+0  00000+0 0  9995
2 40350   0.0543 350.2319 0002477 134.6297 235.1597  5.00116032212006
O3B FM9                 
1 40351U 14083D   26209.60319502 -.00000021  00000+0  00000+0 0  9996
2 40351   0.0558 348.9691 0002666 134.7378 236.3165  5.00116153212144
ASTRA 2G                
1 40364U 14089A   26209.89301731  .00000153  00000+0  00000+0 0  9997
2 40364   0.0466   5.5858 0004479  73.4853 217.1608  1.00269475 42386
SES-9                   
1 41380U 16013A   26209.91503287 -.00000341  00000+0  00000+0 0  9998
2 41380   0.0256 317.5802 0002330 148.6326 278.0789  1.00269516 37859
SES-10                  
1 42432U 17017A   26209.87419263 -.00000269  00000+0  00000+0 0  9996
2 42432   0.0152  51.5963 0002843  75.9693  66.7659  1.00269218 34173
SES-15                  
1 42709U 17026A   26209.63977992  .00000064  00000+0  00000+0 0  9997
2 42709   0.0350 313.9082 0000641 144.9656 308.5648  1.00267583  7849
SES-11 (ECHOSTAR 105)   
1 42967U 17063A   26209.86665259 -.00000085  00000+0  00000+0 0  9993
2 42967   0.0482 277.3994 0002968 210.5748  25.5970  1.00271694 32145
SES-14                  
1 43175U 18012B   26209.80672745 -.00000275  00000+0  00000+0 0  9993
2 43175   0.0134  42.4018 0001184  75.2838  71.6973  1.00271077  7449
O3B FM15                
1 43231U 18024A   26209.47012878 -.00000021  00000+0  00000+0 0  9996
2 43231   0.0536 358.5133 0002589 127.2334 234.2754  5.00115903153092
O3B FM16                
1 43232U 18024B   26209.12266539 -.00000022  00000+0  00000+0 0  9995
2 43232   0.0546   2.8040 0002606 121.0059 236.2129  5.00116074152992
O3B FM14                
1 43233U 18024C   26209.76315954 -.00000021  00000+0  00000+0 0  9991
2 43233   0.0537   4.0704 0002867 121.3051 234.6493  5.00115824153032
O3B FM13                
1 43234U 18024D   26209.62915248 -.00000021  00000+0  00000+0 0  9999
2 43234   0.0583 332.0615 0002062  99.4560 288.5028  5.00115689153127
SES-12                  
1 43488U 18049A   26209.97824509 -.00000266  00000+0  00000+0 0  9995
2 43488   0.0115  13.0595 0000775 210.0442 170.6937  1.00272038 29839
O3B FM20                
1 44112U 19020A   26209.18955641 -.00000022  00000+0  00000+0 0  9995
2 44112   0.0531 354.8619 0002327 124.8689 240.2902  5.00115749133627
O3B FM19                
1 44113U 19020B   26209.21656023 -.00000022  00000+0  00000+0 0  9992
2 44113   0.0660 344.0470 0005255 127.4787 248.5284  5.00116136133498
O3B FM17                
1 44114U 19020C   26209.69652370 -.00000021  00000+0  00000+0 0  9995
2 44114   0.0390  12.4039 0002563 114.1734 233.4442  5.00115716133593
O3B FM18                
1 44115U 19020D   26209.64287328 -.00000021  00000+0  00000+0 0  9998
2 44115   0.0536 354.6304 0002757 132.1096 233.2834  5.00115473133715
SES-17                  
1 49332U 21095A   26209.80282744 -.00000268  00000+0  00000+0 0  9997
2 49332   0.0225  53.2150 0001246  67.3020  47.8586  1.00269363 18275
SES-22                  
1 52933U 22071A   26209.71733744  .00000108  00000+0  00000+0 0  9996
2 52933   0.0153  27.5632 0001347  87.4403 310.5935  1.00272329  7930
SES-20                  
1 53960U 22123A   26209.65316693 -.00000097  00000+0  00000+0 0  9996
2 53960   0.0129  64.7852 0002176  31.9912 341.5694  1.00269833 13941
SES-21                  
1 53961U 22123B   26209.71881079  .00000000  00000+0  00000+0 0  9992
2 53961   0.0341  48.0143 0000768  70.9068 315.3081  1.00265357  7620
O3B MPOWER F1           
1 54755U 22174A   26209.70243069 -.00000021  00000+0  00000+0 0  9994
2 54755   0.0480 338.5337 0006717 157.8048 190.7699  5.00114752 67432
O3B MPOWER F2           
1 54756U 22174B   26209.68743121 -.00000021  00000+0  00000+0 0  9996
2 54756   0.0439 339.6614 0005733 141.4306 238.9623  5.00114901 67528
SES-18                  
1 55970U 23038A   26209.54936513 -.00000097  00000+0  00000+0 0  9992
2 55970   0.0621 261.1261 0001414 290.1648 209.5999  1.00273044 12519
SES-19                  
1 55971U 23038B   26209.71811745  .00000092  00000+0  00000+0 0  9995
2 55971   0.0227 321.8954 0001911 158.7834 309.3054  1.00271592 12509
O3B MPOWER F4           
1 56367U 23059A   26209.75164496 -.00000021  00000+0  00000+0 0  9999
2 56367   0.0627 347.7953 0007747 140.7525 231.5197  5.00115427 60684
O3B MPOWER F3           
1 56368U 23059B   26209.78474932 -.00000021  00000+0  00000+0 0  9992
2 56368   0.0634 346.8814 0006624 135.8078 237.3728  5.00116486 56810
O3B MPOWER F5           
1 58346U 23175A   26209.28608895 -.00000021  00000+0  00000+0 0  9991
2 58346   0.0541   7.7777 0005661 136.9962 215.2615  5.00115962 51497
O3B MPOWER F6           
1 58347U 23175B   26209.78635282 -.00000021  00000+0  00000+0 0  9997
2 58347   0.0551 359.3641 0004429 127.5905 233.0841  5.00115753 50439
ASTRA 1P (SES-24)       
1 60086U 24115A   26208.60811145  .00000124  00000+0  00000+0 0  9992
2 60086   0.0700 319.5454 0001152 247.6117 336.2512  1.00272902  7605
O3B MPOWER F7           
1 62362U 24244A   26209.65287301 -.00000021  00000+0  00000+0 0  9998
2 62362   0.0650 340.3060 0005899 141.9610 237.7882  5.00115443 28607
O3B MPOWER F8           
1 62363U 24244B   26209.61983433 -.00000021  00000+0  00000+0 0  9994
2 62363   0.0165  17.9427 0005624  97.3858 244.7277  5.00114945 22939
O3B MPOWER F9           
1 64866U 25153A   26209.75308528 -.00000021  00000+0  00000+0 0  9995
2 64866   0.0628   3.2920 0006872 140.6360 216.1164  5.00115696 21644
O3B MPOWER F10          
1 64867U 25153B   26209.71916198 -.00000021  00000+0  00000+0 0  9990
2 64867   0.0595   0.2352 0002798 248.4129 111.3200  5.00114956 24117
