VANGUARD 1              
1 00005U 58002B   26209.94528368  .00000300  00000+0  38300-3 0  9993
2 00005  34.2469 185.4661 1836484 326.7601  22.9731 10.86022353447824

GRACE-FO 1              
1 43476U 18047A   26209.92198078  .00004159  00000+0  10850-3 0  9992
2 43476  88.9928 192.2136 0008244 321.2421  38.8243 15.38533482456215

GRACE-FO 2              
1 43477U 18047B   26209.92227650  .00004201  00000+0  10960-3 0  9992
2 43477  88.9928 192.2134 0008249 321.2822  38.7842 15.38533281456215

CXO                     
1 25867U 99040B   26211.69091559  .00000892  00000+0  00000+0 0  9993
2 25867  56.7373 115.5572 7768339 309.8096   0.7284  0.37795216 17486

INTEGRAL                
1 27540U 02048A   26209.57398957  .00000302  00000+0  00000+0 0  9997
2 27540  89.5927 345.4750 8722481 259.0555  25.2345  0.37578547 26792

CALIPSO                 
1 29108U 06016B   26209.97189175  .00000941  00000+0  16788-3 0  9995
2 29108  98.4473 227.0617 0001665 104.7836 255.3553 14.69423213 79198

